dropout: 0.09242722776276352
hidden_size: 149
input_len: 134
input_size: 10
learning_rate: 0.0012399967836846098
num_layers: 3
output_len: 10
static_embedding_size: 64
static_size: 10
