dropout: 0.023225206359998862
hidden_size: 147
input_len: 97
input_size: 10
learning_rate: 0.00015304852121831474
num_layers: 3
output_len: 10
static_embedding_size: 64
static_size: 10
