dropout: 0.35403628889802274
hidden_size: 226
input_len: 49
input_size: 10
learning_rate: 0.00015930522616241006
num_layers: 3
output_len: 10
static_embedding_size: 64
static_size: 10
