dropout: 0.48187576693416306
hidden_size: 74
input_len: 204
input_size: 10
learning_rate: 0.0004079181324140133
num_layers: 3
output_len: 10
static_embedding_size: 64
static_size: 10
