dropout: 0.001817089415866011
hidden_size: 208
input_len: 277
input_size: 10
learning_rate: 0.00027019174827601166
num_layers: 3
output_len: 10
static_embedding_size: 64
static_size: 10
