dropout: 0.1628604398684513
hidden_size: 122
input_len: 306
input_size: 10
learning_rate: 1.1560203927866087e-05
num_layers: 3
output_len: 10
static_embedding_size: 64
static_size: 10
