dropout: 0.12938999080000846
hidden_size: 39
input_len: 196
input_size: 10
learning_rate: 0.000658628931758311
num_layers: 3
output_len: 10
static_embedding_size: 64
static_size: 10
