dropout: 0.35818430022249004
hidden_size: 86
input_len: 252
input_size: 10
learning_rate: 0.0008711631444989921
num_layers: 3
output_len: 10
static_embedding_size: 64
static_size: 10
