dropout: 0.2592432729503241
hidden_size: 173
input_len: 232
input_size: 10
learning_rate: 1.0301812461765918e-05
num_layers: 3
output_len: 10
static_embedding_size: 64
static_size: 10
