dropout: 0.14561457009902096
hidden_size: 150
input_len: 132
input_size: 10
learning_rate: 0.0007309539835912913
num_layers: 3
output_len: 10
static_embedding_size: 64
static_size: 10
